$ANSIBLE_VAULT;1.1;AES256
63346166656263383965386333396664386262306338396262346634376433643531623237636135
3331636439623937666364613963333135373561383832310a373261366132303832393730316635
65653631646639363664666330653131643533306437643737353338393532363136316635333338
3536313431666339300a313761373730373034336339303164663438643364366639643863653630
30383662366663313262653939663561633836326238333464646639373838386565313035323639
34666134373036666166316266653962323764396433396336313466336466646665633730333733
64323334353437663963353136386430356335396665646663336239393764613038653432613935
31653433373261383236323030303064323730613366623162353561633336313465646266373932
64663938663635663037303339373230623662313965663861663433383634643462346433313635
63613965616138646536363562616161333262386133633635303638613665666436326530333437
31326262353338376361643634623862636537383830646465353566386231633031353930666438
30633164646632626265
